




1.4ucld run
-----------

Operator                                                Tuning    #accept    #reject      Pr(m)  Pr(acc|m)
ScaleOperator(KappaScaler.s:1)                         0.59716       1906       6688    0.00087    0.22178 
ScaleOperator(gammaShapeScaler.s:1)                    0.27977       2200       6584    0.00087    0.25046 
DeltaExchangeOperator(FixMeanMutationRatesOperator) 5625.34062     175541          0    0.01750    1.00000 Try setting delta to about 11250.681
ScaleOperator(CoalescentConstantTreeScaler.t:1)        0.63216        494     262062    0.02625    0.00188 Try setting scaleFactor to about 0.795
ScaleOperator(CoalescentConstantTreeRootScaler.t:1)    0.56737      22938     239097    0.02625    0.08754 Try setting scaleFactor to about 0.753
Uniform(CoalescentConstantUniformOperator.t:1)               -    1133207    1489483    0.26247    0.43208 
SubtreeSlide(CoalescentConstantSubtreeSlide.t:1)       1.63486     122099    1189959    0.13123    0.09306 Try decreasing size to about 0.817
Exchange(CoalescentConstantNarrow.t:1)                       -     316929     996479    0.13123    0.24130 
Exchange(CoalescentConstantWide.t:1)                         -        846     261603    0.02625    0.00322 
WilsonBalding(CoalescentConstantWilsonBalding.t:1)           -       1608     261612    0.02625    0.00611 
ScaleOperator(PopSizeScaler.t:1)                       0.54020      63980     197854    0.02625    0.24435 
ScaleOperator(ucldMeanScaler.c:1)                      0.73272      15583      71952    0.00875    0.17802 
ScaleOperator(ucldStdevScaler.c:1)                     0.62729      55870     205912    0.02625    0.21342 
IntRandomWalkOperator(CategoriesRandomWalk.c:1)              -     574556     301163    0.08749    0.65610 
SwapOperator(CategoriesSwapOperator.c:1)                     -     454025     419525    0.08749    0.51975 
UniformOperator(CategoriesUniform.c:1)                       -     562652     313500    0.08749    0.64219 
UpDownOperator(relaxedUpDownOperator.c:1)              0.72306        770     262704    0.02625    0.00292 Try setting scaleFactor to about 0.85
DeltaExchangeOperator(FrequenciesExchanger.s:1)        0.04176       2432       6188    0.00087    0.28213 

     Tuning: The value of the operator's tuning parameter, or '-' if the operator can't be optimized.
    #accept: The total number of times a proposal by this operator has been accepted.
    #reject: The total number of times a proposal by this operator has been rejected.
      Pr(m): The probability this operator is chosen in a step of the MCMC (i.e. the normalized weight).
  Pr(acc|m): The acceptance probability (#accept as a fraction of the total proposals for this operator).


Total calculation time: 3391.036 seconds
End likelihood: -7011.805837132557

